6109740
2233233333313333333333333333313333333333333333333333333333333333333333133333333333333333133333323322
2033033333131333333333333333132333333333333333333333333333333333333332313333333333333331313333303302
3322223331323133333333333331330333333333333333333333333333333333333330331333333333333313231333222233
3320303313303313333333333313312133333333333333333333333333333333333312133133333333333133033133030233
2023221133121331333333333133130313333333333333333333333333333333333130313313333333331331213311223202
3320222232303233133333331332312132333333333333333333333333333333332312132331333333313323032322220233
3333122230333033313333313330330330333333333333333333333333333333330330330333133333133303330322213333
3333122223303323331222133312133312133333333333333333333333333333312133312133312221333233033222213333
3331333220333023332333233230330330323333333333333333333333333333230330330323323332333203330223331333
3313320302303203332333233033312133303333333333333333333333333333033312133303323332333023032030233133
3133133333232232332333232230330330322333333333333333333333333332230330330322323332332322323333313313
1320203030302302332333230312133312130333333333333333333333333330312133312130323332332032030303020231
3133133333220320332333212130330330312133333333333333333333333312130330330312123332330230223333313313
3313320302233233232333030322312132230323333333333333333333333230322312132230303332323323322030233133
3331333220302302232332223303230323033303333333333333333333333033303230323033222332322032030223331333
3333133333220320232330320333033303330332333333333333333333332330333033303330230332320230223333313333
3333313333333222032323302303330333033302333333333333333333332033303330333032033232302223333333133333
3333331333333333322320333233033303330320333333333333333333330230333033303323330232233333333331333333
3333333122222222222302320303330333032222233333333333333333322222303330333030232032222222222213333333
3333333233333333333233302233033303323023033333333333333333303203233033303322033323333333333323333333
3333333233333333220320332203330333023203323333333333333333233023203330333022330230223333333323333333
3333333233333320302302303023033303203233023333333333333333203323023033303203032032030233333323333333
3333333122222023333333233332330322222303203333333333333333023032222230332333323333333202222213333333
3333331333331322032030320303032230230322222333333333333332222230320322303030230302302231333331333333
3333313333202030230223302222223032033230230333333333333330320323302303222222033220320302023333133333
3333133320231333323220332030303323330232033233333333333323302320333233030302330223233331320233313333
3331333133313203030302302323233030232033330233333333333320333302320303323232032030303023133313331333
3313320203020233333333232030303322033330232033333333333302320333302233030302323333333320203020233133
3133133133313320303030302323233022330232032323333333333232302320332203323232030303030233133313313313
1331313331333133333333332030303203032032323023333333333203232302303023030302333333333313331333131331
3202020302030203030303023333332332322323023203333333333023203232232332333333203030303020302030202023
3331313331333133333333320303023023023023203332333333332333023203203203203030233333333313331333131333
3333133133313320303030233232203203203203333022333333332203333023023023022323320303030233133313313333
3333320203020233333333202302232332332333023202333333332023203332332332322032023333333320203020233333
3333333133313203030302220320303023023023203220333333330223023203203203030230222030303023133313333333
3333333320231333333220233333332203203203332233233333323322333023023022333333320223333331320233333333
3333333333202030302333203023022332332333022302233333322032203332332332203203023332030302023333333333
3333333333331333332022332203203023023023202320233333320232023203203203023022332202333331333333333333
3333333333333203022203023333332203203203220322033333302230223023023022333333203022203023333333333333
3333333333333332202333320230223333333332333233323333233323332333333333220320233332022333333333333333
3333333333333333332030222032030230230223022302223333222032203220320320302302220302333333333333333333
3333333333333333333322023333322032032023202320223333220232023202302302233333202233333333333333333333
3333333333333333333333320302233333322203220322023333202230223022233333322030233333333333333333333333
3333333333333333333333333220302302223332333222203333022223332333222032030223333333333333333333333333
3333333333333333333333333333220320230223022223332332333222203220320230223333333333333333333333333333
3333333333333333333333333333333222032023202230222332220322023202302223333333333333333333333333333333
3333333333333333333333333333333333322203220232022332202320223022233333333333333333333333333333333333
3333333333333333333333333333333333333332222032202332022302222333333333333333333333333333333333333333
3333333333333333333333333333333333333333333322220330222233333333333333333333333333333333333333333333
3333333333333333333333333333333333333333333333333223333333333333333333333333333333333333333333333333
3333333333333333333333333333333333333333333333333223333333333333333333333333333333333333333333333333
3333333333333333333333333333333333333333333322220330222233333333333333333333333333333333333333333333
3333333333333333333333333333333333333332222032202332022302222333333333333333333333333333333333333333
3333333333333333333333333333333333322203220232022332202320223022233333333333333333333333333333333333
3333333333333333333333333333333222032023202230222332220322023202302223333333333333333333333333333333
3333333333333333333333333333220320230223022223332332333222203220320230223333333333333333333333333333
3333333333333333333333333220302302223332333222203333022223332333222032030223333333333333333333333333
3333333333333333333333320302233333322203220322023333202230223022233333322030233333333333333333333333
3333333333333333333322023333322032032023202320223333220232023202302302233333202233333333333333333333
3333333333333333332030222032030230230223022302223333222032203220320320302302220302333333333333333333
3333333333333332202333320230223333333332333233323333233323332333333333220320233332022333333333333333
3333333333333203022203023333332203203203220322033333302230223023023022333333203022203023333333333333
3333333333331333332022332203203023023023202320233333320232023203203203023022332202333331333333333333
3333333333202030302333203023022332332333022302233333322032203332332332203203023332030302023333333333
3333333320231333333220233333332203203203332233233333323322333023023022333333320223333331320233333333
3333333133313203030302220320303023023023203220333333330223023203203203030230222030303023133313333333
3333320203020233333333202302232332332333023202333333332023203332332332322032023333333320203020233333
3333133133313320303030233232203203203203333022333333332203333023023023022323320303030233133313313333
3331313331333133333333320303023023023023203332333333332333023203203203203030233333333313331333131333
3202020302030203030303023333332332322323023203333333333023203232232332333333203030303020302030202023
1331313331333133333333332030303203032032323023333333333203232302303023030302333333333313331333131331
3133133133313320303030302323233022330232032323333333333232302320332203323232030303030233133313313313
3313320203020233333333232030303322033330232033333333333302320333302233030302323333333320203020233133
3331333133313203030302302323233030232033330233333333333320333302320303323232032030303023133313331333
3333133320231333323220332030303323330232033233333333333323302320333233030302330223233331320233313333
3333313333202030230223302222223032033230230333333333333330320323302303222222033220320302023333133333
3333331333331322032030320303032230230322222333333333333332222230320322303030230302302231333331333333
3333333122222023333333233332330322222303203333333333333333023032222230332333323333333202222213333333
3333333233333320302302303023033303203233023333333333333333203323023033303203032032030233333323333333
3333333233333333220320332203330333023203323333333333333333233023203330333022330230223333333323333333
3333333233333333333233302233033303323023033333333333333333303203233033303322033323333333333323333333
3333333122222222222302320303330333032222233333333333333333322222303330333030232032222222222213333333
3333331333333333322320333233033303330320333333333333333333330230333033303323330232233333333331333333
3333313333333222032323302303330333033302333333333333333333332033303330333032033232302223333333133333
3333133333220320232330320333033303330332333333333333333333332330333033303330230332320230223333313333
3331333220302302232332223303230323033303333333333333333333333033303230323033222332322032030223331333
3313320302233233232333030322312132230323333333333333333333333230322312132230303332323323322030233133
3133133333220320332333212130330330312133333333333333333333333312130330330312123332330230223333313313
1320203030302302332333230312133312130333333333333333333333333330312133312130323332332032030303020231
3133133333232232332333232230330330322333333333333333333333333332230330330322323332332322323333313313
3313320302303203332333233033312133303333333333333333333333333333033312133303323332333023032030233133
3331333220333023332333233230330330323333333333333333333333333333230330330323323332333203330223331333
3333122223303323331222133312133312133333333333333333333333333333312133312133312221333233033222213333
3333122230333033313333313330330330333333333333333333333333333333330330330333133333133303330322213333
3320222232303233133333331332312132333333333333333333333333333333332312132331333333313323032322220233
2023221133121331333333333133130313333333333333333333333333333333333130313313333333331331213311223202
3320303313303313333333333313312133333333333333333333333333333333333312133133333333333133033133030233
3322223331323133333333333331330333333333333333333333333333333333333330331333333333333313231333222233
2033033333131333333333333333132333333333333333333333333333333333333332313333333333333331313333303302
2233233333313333333333333333313333333333333333333333333333333333333333133333333333333333133333323322
